*Edges
1 111 1
2 4 2
2 41 2
3 8 3
4 8 2
4 2 1
4 7 1
4 13 1
4 14 1
4 16 1
4 18 1
4 21 1
6 8 1
6 155 1
7 2 1
7 4 1
7 13 1
7 14 1
7 16 1
7 18 1
7 21 1
8 9 1
8 14 2
8 16 1
8 21 1
8 44 1
8 13 1
8 22 1
9 119 1
168 122 2
118 141 4
128 145 1
138 155 2
118 159 2
10 31 1
11 122 2
11 45 1
12 33 1
13 2 1
13 4 1
13 7 1
13 14 1
13 16 1
13 18 1
13 21 1
21 2 1
21 4 1
21 13 1
21 14 1
21 16 1
21 18 1
14 18 2
114 131 10
14 33 8
14 51 1
114 95 4
117 98 1
119 121 1
15 31 2
16 2 1
16 4 1
16 7 1
16 13 1
16 14 1
16 18 1
16 21 1
19 119 1
88 115 3
22 52 1
22 24 1
22 29 1
22 31 1
22 36 1 
22 40 1
22 42 1
22 48 1
122 35 1
122 38 3
122 43 1
22 45 6
23 45 2
24 33 4
24 44 2
24 29 1
24 31 1
24 36 1
24 40 1
24 41 1
24 42 1
24 45 1
24 48 1
25 125 1
125 26 1
25 26 1
26 126 1
126 30 1
26 30 1
30 130 1
30 130 1
130 32 1
32 132 1
132 130 1
34 134 1
34 35 1
135 134 1
35 135 1
35 37 1
135 137 1
37 137 1
37 38 1
137 138 1
38 138 1
38 39 1
138 139 1
39 139 1
139 43 1
139 143 1
43 143 1
43 46 1
143 146 1
46 146 1
46 47 1
146 147 1
47 147 1
150 147 1
50 47 1
50 150 1
150 151 1
50 51 1
51 151 1
151 153 1
53 51 1
53 153 1
154 153 1
53 54 1
54 154 1
154 157 1
54 57 1
57 157 1
157 160 1
57 60 1
60 160 1
160 161 1
60 61 1
61 161 1
161 162 1
61 62 1
62 162 1
162 163 1
62 63 1
63 163 1
163 164 1
63 64 1
64 164 1
164 165 1
64 65 1
65 165 1
66 65 1
66 166 1
166 167 1
67 167 1
67 68 1
167 168 1
68 168 1
69 70 1
169 170 1
69 169 1
70 170 1
70 171 1
170 171 1
71 171 1
72 73 1
172 173 1
72 172 1
73 173 1
76 176 1
76 77 1
176 177 1
77 177 1
78 178 1
80 180 1
81 181 1
81 77 1
181 177 1
85 185 1
86 186 1
88 188 1
88 86 1
188 186 1
89 189 1
90 190 1
91 191 1
90 89 1
190 188 1
94 194 1
95 195 1
195 196 1
94 95 1
96 196 1
196 197 1
96 97 1
97 197 1
98 198 1
99 199 1
97 99 1
199 197 1
102 202 1
103 203 1
104 204 1
105 210 1
105 102 1
210 103 1
106 209 1
107 106 1
107 208 1
208 206 1
108 209 1
109 206 1
109 209 1
110 205 1
111 211 1
112 217 1
113 110 1
111 217 1
113 216 1
114 215 1
115 114 1
218 113 1
115 218 1
116 219 1
116 218 1
115 219 1
117 220 1
220 221 1
117 118 1
118 221 1
119 223 1
121 223 1
122 224 1
123 225 1
125 227 1
126 228 1
128 230 1
129 231 1
80 117 1
27 45 1
28 45 1
30 31 1
131 32 4
31 33 14
131 39 1
131 141 4
31 45 2
131 155 2
131 57 1
131 58 2
131 88 1
131 102 1
131 105 1
131 110 1
131 121 1
131 158 1
131 164 1
95 178 1
95 195 1
95 197 1
97 227 1
33 37 1
33 44 1
33 8 1
33 58 1
33 52 1
77 39 2
77 41 6
77 44 4
77 204 2
77 146 2
77 147 1
77 153 1
77 155 4
77 158 2
77 159 2
77 173 1
77 178 1
77 185 1
77 196 1
77 107 1
77 112 1
77 121 1
88 123 1
90 138 2
91 157 1
34 48 5
35 44 1
35 59 1
38 45 1
141 145 2
141 148 2
58 55 2
42 52 1
42 22 1
42 24 1
42 29 1
42 31 1
42 36 1
42 40 1
42 41 1
42 45 1
42 48 1
43 45 1
44 8 1
44 37 1
44 33 1
44 45 2
44 48 6
44 52 6
44 155 4
44 58 2
44 59 4
45 52 1
45 22 1
45 24 1
45 29 1
45 31 1
45 36 1
45 40 1
45 41 1
45 42 1
45 48 1
52 122 1
52 24 1
52 29 1
52 31 1
52 36 1
52 40 1
52 41 1
52 42 1
52 45 1
52 48 1
52 44 1
52 22 1
52 231 1
152 158 1
52 33 1
52 37 1
52 44 1
113 155 2
113 89 1
113 99 1
113 145 1
113 152 1
113 155 4
113 186 1
113 207 1
113 231 1
99 65 2
99 89 1
97 99 1
99 145 1
99 152 1
99 155 4
99 186 1
99 207 1
99 231 1
54 155 1
55 56 6
55 49 2
55 232 1
55 233 1
55 234 1
55 58 2
155 145 1
155 148 6
155 149 1
155 164 1
155 171 1
155 195 1
155 197 1
1 118 2
1 133 1
33 37 1
33 44 1
37 44 1
37 59 1
37 234 1
37 233 1
33 8 1
33 52 1
33 58 1
37 8 1
37 52 1
37 58 1
44 8 1
44 52 1
44 58 1
232 58 1
232 55 1
232 56 1
232 49 1
232 233 1
232 234 1
233 234 1
233 49 1
233 55 1
233 56 1
234 56 1
234 49 1
234 232 1
234 233 1
234 58 1
234 59 1
18 2 1
18 4 1
18 8 1
18 7 1
18 13 1
18 14 1
18 16 1
18 21 1
58 59 1
58 37 1
58 49 1
58 234 1
58 16 1